nx: 1000 ny: 1000
gx: 1008 gy: 1008
lx 1.000000: ly: 1.000000
alpha: 1.000000
iterations: 10
order: 8
ic: 5.000000
dx: 0.001001 dy: 0.001001
dt: 0.000000 xcfl: 0.000031 ycfl: 0.000031
(1000, 1000) (1008, 1008)
cpu computation float took 135.27 ms
gpu computation float took 7.35 ms
gpu shared computation float took 3.59 ms
