nx: 1000 ny: 1000
gx: 1002 gy: 1002
lx 1.000000: ly: 1.000000
alpha: 1.000000
iterations: 10
order: 2
ic: 5.000000
dx: 0.001001 dy: 0.001001
dt: 0.000000 xcfl: 0.249950 ycfl: 0.249950
(1000, 1000) (1002, 1002)
cpu computation float took 48.93 ms
gpu computation float took 2.79 ms
gpu shared computation float took 2.78 ms
