nx: 1000 ny: 2000
gx: 1004 gy: 2004
lx 1.000000: ly: 1.000000
alpha: 1.000000
iterations: 10
order: 4
ic: 5.000000
dx: 0.001001 dy: 0.000500
dt: 0.000000 xcfl: 0.006244 ycfl: 0.025000
(1000, 2000) (1004, 2004)
cpu computation float took 149.22 ms
gpu computation float took 7.73 ms
gpu shared computation float took 5.66 ms
