nx: 1000 ny: 2000
gx: 1002 gy: 2002
lx 1.000000: ly: 1.000000
alpha: 1.000000
iterations: 10
order: 2
ic: 5.000000
dx: 0.001001 dy: 0.000500
dt: 0.000000 xcfl: 0.099900 ycfl: 0.400000
(1000, 2000) (1002, 2002)
cpu computation float took 98.91 ms
gpu computation float took 5.11 ms
gpu shared computation float took 4.80 ms
