nx: 2000 ny: 4000
gx: 2004 gy: 4004
lx 1.000000: ly: 1.000000
alpha: 1.000000
iterations: 10
order: 4
ic: 5.000000
dx: 0.000500 dy: 0.000250
dt: 0.000000 xcfl: 0.006246 ycfl: 0.024998
(2000, 4000) (2004, 4004)
cpu computation float took 602.02 ms
gpu computation float took 23.44 ms
gpu shared computation float took 20.65 ms
