nx: 2000 ny: 4000
gx: 2008 gy: 4008
lx 1.000000: ly: 1.000000
alpha: 1.000000
iterations: 10
order: 8
ic: 5.000000
dx: 0.000500 dy: 0.000250
dt: 0.000000 xcfl: 0.000012 ycfl: 0.000050
(2000, 4000) (2008, 4008)
cpu computation float took 1087.66 ms
gpu computation float took 33.58 ms
gpu shared computation float took 24.09 ms
