nx: 2000 ny: 2000
gx: 2004 gy: 2004
lx 1.000000: ly: 1.000000
alpha: 1.000000
iterations: 10
order: 4
ic: 5.000000
dx: 0.000500 dy: 0.000500
dt: 0.000000 xcfl: 0.015622 ycfl: 0.015622
(2000, 2000) (2004, 2004)
cpu computation float took 300.75 ms
gpu computation float took 11.93 ms
gpu shared computation float took 10.41 ms
