nx: 4000 ny: 4000
gx: 4008 gy: 4008
lx 1.000000: ly: 1.000000
alpha: 1.000000
iterations: 10
order: 8
ic: 5.000000
dx: 0.000250 dy: 0.000250
dt: 0.000000 xcfl: 0.000031 ycfl: 0.000031
(4000, 4000) (4008, 4008)
cpu computation float took 2173.89 ms
gpu computation float took 57.41 ms
gpu shared computation float took 48.07 ms
