nx: 4000 ny: 4000
gx: 4002 gy: 4002
lx 1.000000: ly: 1.000000
alpha: 1.000000
iterations: 10
order: 2
ic: 5.000000
dx: 0.000250 dy: 0.000250
dt: 0.000000 xcfl: 0.249950 ycfl: 0.249950
(4000, 4000) (4002, 4002)
cpu computation float took 793.84 ms
gpu computation float took 34.01 ms
gpu shared computation float took 34.87 ms
